     306       89      997       74      155       86      231      451
     208      787      645      418       85      269      370      876
     455       93      723      578      345        2      787      143
     976      562      973      487      660      726       87      318
     167       84      744      322      170      328      126      730
     467      771      148      552       40      519      428      847
     964      503      778      661      505      565      804      482
     127      777      321      139      856      408      458      375
     493      554      698       15      882      176      746      350
     947      246      902 
