    3515     4898     6896     7111      303     2257     3396     4710
    2858     7373     5909     8535     5853     1154     7849     7979
    8175     7544     6652     2588     9881     3609     5492     8819
    2296     5630     1807     1258     9250     5048     9378     9117
    9947     6274     6228      250     4883     5976     1313     7741
    9702     3574     2628     5555     4729     6829     9886     9256
     725     6538     8196      606     6499       40     5777     8795
    5670     7585       53     1272     8985     5783      389     5284
    2057     2969     1887     3292     5298     3200     7385     5000
    6774       13     6907     7855     3194     3145     3463     3919
    9683     1660     4525     2535     1700     6655     1330     3723
     592     7736     1347     9577     3519     1737     1214     1929
    1058     3101     1573     6356     2653     8959     7708     5779
    5324     4615     9987     8519     7760     3450     8790     3796
    1462     9668     6331     9515     6323     4013     3238     6915
    1749     4585     2844     1621     2674     4058     9902       85
    3511     1475     6441     6164     6786      502     1944     2111
    5117     1931     6982     9230     1733     5772     9378     3196
    5440     5709     9063     8115     9722     2301     5030     7824
    3238     4227     5797     2265     8285     5699     2350     1797
    3526     5143     4313      313     5645     6257     8776     7115
    4540     2110     6345     6274     4234     5723     5822     9675
    7784     4885     4142     3858     3538     9173     1682     3128
    3400     3831     5393     8037     5882     4095     6186     9409
    9239      500     6074     1236     6757     1202     8351     7650
    3312     4696     3924     7546     6771     9746     3573     4555
    4631     7716     8414     4521     3241     6448     7649     2993
    6632     3043     1030     2514     3490     7217     8275     9081
    7717      701      318      826     1903     8669     8476     1567
    9718     8752     5466     6489     4850     9039     7397     5833
    3107     2163      354     6348     4963     8004     9341     1595
    7399     6724      462      889      293     8737     9971     4362
    9439     6641     1540     1342     5310     6369     9262     5028
    5121     4728     7870     9972      119     1619     2157     3227
    3782     2512     5927     5097     6868     1621     3045     4267
    8345     3507     1508     4990     2244     7831     9352     1683
    4472     7244     9378     9783     3613     4992     1163     8735
    9720     5385     5059     9839     7004     7216     3066     7138
    6080     8994     2236     2948     6967     5281     7215     5312
    8788     5076     6654     7384     2907     6006     5420     3732
    3250     1150     9867     3216     6142     7382     1951     5862
    2768     3362     2053     9772      578     1472     6911     3011
     466     5499     5959     3785      780     9527     9097     5920
    4603     5751     3304     3862     8109     5076     7594     7711
    6226     3813      927     2368     1196     9230     8230     3964
    2592     6636       88     9523     8108     6999     8886     4926
    8850     4845     8711     5982     4372     7808     1902     8975
    9911     1559     9190     4372     6635     3136     8435     9214
    6950     5715     1582     4498     4945     6165     8462     3890
    2801     4902     9765      909     8254     8651     5835     7104
    9848     4546     3087     4221     8706     1341     9548     4969
    9252     8738     5693     2240     1875     4128     1454     5177
    6195     3036     9675     1141     9201     4489     1383     8354
    9391     7500     9263     3997     2503     1450     1102     2351
    5996     4189     6572     1054     1882     6121     6023     1135
    1211     1716     3375     9438     2197     1181     4615     8392
    4217      642     5885     9771     5131     7268     8125      875
    1120     3741     4872     3623     5191     2326     5975     7540
    2867     8899     8594     4750     1372     4618     2237     2584
    2686     5612     2022     4883     6793     2990     3276     7362
    3632     5513     3485     5116     9134     7963     2343      254
    1704     3567     3878     3247     5894     6205      787     8761
    5104     9382     9863     6477      352     2100     5413     3038
    4064     7435     4274      857     6777     3902     4572     6762
    9415     8057     8230     8549     2372      573     5156     4076
     492     9034     3676     6386     1591     4463     1500     3047
     197     7715     9524     6901     9816     4937     6292     3880
    8725      566     1090     1854      820     2014     8616      235
      71     6846     5137     2444     3771      293     2872     4264
    5679     2900     7002     7270     3716     8502      317     3913
    6218     6194     7167     2386     7483     3459     6266     2560
     377     3708     4415     1197     5722     9383     7784     2146
    2582     2921      942     6353     9566      166     6969     5245
    3067     3972     8867     6783     8826     5537      696     1396
    8083     4215     3782     5566     7674     6401     4479     8051
     109     5246     5600     2184     4629     3385     4330     7211
    6306     5272     9917     2225     5438     6886     7470     8505
     858     2690     5288     9685     4579     2337     7433     2662
    6552     1216     4580      579     3969     9059     4982     4078
    4305      583     2614     5287     3968     6944     8850     6626
    8568     8767     5203      359     5654     9026     5216     2864
    1716      505     8901     2647     9194     6335     5309     2098
    3903     6241     9029     7872     5301     4012     8302     5958
     947      917     7597     1267     7861     6448     4245     2782
    1567     9449     3141     3573     8475     8357     6438     6543
    5214     1691     9190      760     8026     4499     2859     1929
    7092     8240     6153     8745     2252     4456     1056     9551
    5373     8653      818     9586     5101     5064     2368     3021
     865     5509     6594     9340     3867     3032     5883     5433
    4724     5073     6194     9102     5924     5405     7384     3016
    3645     3537     8114     2250     7993     9170     1801     3366
    7823     8972     2953     9277      388     5321     2298     1253
    7183     8892     6945     7402     8277     2828     2835     9353
    4253     5381     8455     6529      786     5839     5897     4432
    9377     4011     6682     3722     3181     4835     7089     1005
    3807     6394     6634      547     8067     8932     1800     1602
    4176     5097     9004     2453     7925     8192     8158     8530
    3573     6614     5059     4360     8805     7309     8792     4534
    1320     1826     8257     4502     3013     1698     1859     6821
    4444     8493     3720     8863     3777     1873      466     7953
    6970     5822     6759     1248     4014     4917     9778     7588
    7883     1190     8300     3041     8499     3444     7575     6171
    5270     2184      673     8283      234     8884     1456     4678
    3729     1529     9894     7506     3402      360     1812      372
    6182     4923     7972      197     6192     7751     4137     4076
    5293     2437     7117      144     2233     1044     6315     3855
    9581     3341     2138     9815     2225     9947      846     5955
    7828      740     3461     1230     1100     1625     7954     3634
    6548     5927     3831     2741       30     4320     3169     5323
    3109     6638     5467     5342     7682     8134     9197     7263
    1475     7688     3431     3701     3987     4277     9656     1815
    5017     9469     9397     2469     7447     7351     6103      347
    3278     6287     3088     3308     6959     2609     4983       69
    9247     6802     1763     3282     4937     7313     6897     6412
    1353      328     6465     5340      957     2473     3507     2326
    8295     2904     1147     5742      255     3603     6089     3534
    9890     5530     3194     3201     4491     8178     3270       91
    4980     1386     3373     6269     8699     6622     9034       52
    3303     5499     1744     4260     7973     5251     2939     2620
    4507     4086     8362     4762     7689      803     4648     3931
    2685     7843     7133     7177     2373     6755     7268     3705
    4493     6993     9975     3192     3615     9009     9596     3270
     860     7692     7531     5185     9295     6822     7805     3802
    7260     2519     4917     4950     9675     9565     5233     2360
    3760     2366     5889     6133     5474     9509     9839     9967
